z_abs	da/a	stat	sist
1.072	-1.35	6.71	2.51
1.072	17.07	9.00	2.41
2.309	-0.65	6.46	2.26
2.309	-0.20	12.44	3.51
1.371	-8.45	5.69	4.64
1.023	3.54	8.54	2.38
1.342	3.05	3.30	2.13
1.342	5.67	4.19	2.16
1.622	-1.70	9.80	2.47
1.305	-4.54	8.08	3.13
1.971	4.72	4.18	2.16
1.921	-4.65	6.01	2.24

z_abs	da/a	stat	sist
1.1508	-1.42	0.55	0.65

z[CII]	CIIerr	z[CO]	COerr	dV	Verr
5.7787	1	5.7794	8	31	35
6.0031	2 	6.0025	7	-30	30
6.0391	1	6.0379	22	-50	90
6.1330	7	6.1321	12	-40	60
6.4189	3	6.4190	5	4	12

z_abs	da/a	stat	sist
0.576	-9.12	39.80	3.64
0.729	0.73	6.17	1.77
1.048	5.47	18.26	4.02
1.325	2.60	3.45	2.38
1.343	8.36	11.82	2.84
1.738	12.70	16.13	1.47

z	da/a	err
1100	-0.7E3	2.5E3
4.E8	2.1	1.8